1.7 0.9	0.2 0.7 Tw
-1.0 0.4 -1.9 0.7 Tw
1.5 0.7	0.1 0.6 Tw
1.1 0.8	-0.5 0.7 Tw
1.5 0.7	0.1 0.6 Tw
1.1 0.8	-0.5 0.7 Tw
-1.6 0.3 -3.0 0.6 Tw
-1.6 0.3 -3.0 0.6 Tw
1.0 0.6	-1.1 0.5 Tw
-0.6 0.4 -1.8 0.6 Tw
0.1 0.7	-0.9 0.7 Tw
-0.2 0.6 -0.4 0.8 Tw
0.0 0.5	-1.2 0.6 Tw
-0.5 0.6 -1.4 0.8 Tw
-1.3 0.4 -2.2 0.6 Tw
-0.7 0.4 -1.9 0.6 Tw
0.0 0.5	-1.4 0.6 Th
-0.3 0.5 -1.5 0.6 Th
0.2 0.5	-1.5 0.5 Th
-0.4 0.5 -1.4 0.6 Th
0.8 0.7	-0.4 0.6 Th
-1.5 0.4 -2.0 0.8 Th
0.7 0.7	-0.3 0.6 Th
-0.9 0.4 -1.8 0.7 Th
-0.9 0.4 -2.1 0.7 Th
-0.6 0.5 -1.5 0.7 Th
-0.4 0.5 -1.1 0.7 Th
0.4 0.6	-0.8 0.6 Th
-1.4 0.4 -1.1 1.0 Th
0.3 0.6	-1.1 0.7 Th
0.2 0.6	-0.7 0.7 Th
2.7 0.9	0.7 0.8 Pd
0.0 0.3	-1.6 0.7 Pd
-1.18 0.12 -3.2	0.6 Pd
0.5 0.4	-1.2 0.6 Pd
1.6 0.8	0.1 0.8 Pd
0.6 0.4	-0.4 0.6 Pd
1.9 0.9	0.0 0.9 Pd
0.5 0.4	-1.0 0.6 Pd
1.9 0.7	-0.1 0.7 Pd
0.1 0.3	-0.9 0.6 Pd
3.3 0.9	1.2 0.6 Ad
4.6 1.2	2.0 0.6 Ad
2.0 0.6	0.9 0.5 Ad
2.9 0.8	1.2 0.5 Ad
4.88 1.12 1.9 0.6 Ad
4.11 1.02 1.7 0.5 Ad
0.8 0.4	0.2 0.5 Ad
3.1 0.8	1.3 0.6 Ad
7.0 2.1	2.6 1.0 Obii
0.4 0.5 1.2 0.7 obii
2.6 0.9	1.5 0.8 OBiii
1.2 0.8	1.2 0.8 obiii
0.2 0.4	1.1 0.6 obiii
2.0 0.9	1.2 0.8 obiii
5.1 1.4	2.0 0.7 OBiii_diet
3.5 1.0	1.2 0.7 obiii_diet
3.1 1.0	1.1 0.7 obiii_diet
5.1 1.6	1.4 0.9 At
6.47 2.10 1.7 1.0 At
2.4 0.9	0.5 0.8 At
1.1 0.6	-0.2 0.8 At
4.7 1.4	1.5 0.8 At
3.18 1.06 1.2 0.8 At
6.9 3.3	2.0 1.2 ibs
21 6 4.2 1.0 ibs
2.8 0.6 1.7 0.5 hls_trip
2.6 0.9 2.0 0.7 hls_sick
1.1 0.6 0.0 0.6 hls_recv
